0.33 
51 
1.0 
0.3 
0.3 
0.53 
52 
2.0 
0.3 
1.0 
1.10 
53 
3.0 
0.0 
0.1 
1.03 
54 
0.0 
0.1 
0.6 
0.23 
55 
0.0 
0.2 
3.0 
1.07 
56 
0.0 
0.2 
0.1 
0.10 
57 
1.0 
0.1 
0.1 
0.40 
58 
1.0 
0.1 
0.1 
0.40 
59 
2.0 
2.0 
0.1 
1.37 
60 
1.0 
0.3 
0.3 
0.53 
61 
1.0 
0.3 
0.5 
0.60 
62 
2.0 
0.4 
3.0 
1.80 
63 
2.0 
0.4 
2.0 
1.47 
64 
2.0 
0.2 
0.1 
0.77 
65 
2.0 
0.1 
0.3 
0.80 
66 
1.0 
1.0 
0.1 
0.70 
67 
1.0 
0.0 
0.6 
0.53 
68 
1.0 
1.0 
1.0 
1.00 
69 
3.0 
0.3 
0.1 
1.13 
70 
3.0 
0.3 
2.0 
