1.77 
71 
2.0 
0.0 
3.0 
1.67 
72 
2.0 
0.3 
1.5 
1.27 
73 
3.0 
0.2 
0.2 
1.13 
74 
3.0 
0.3 
0.2 
1.17 
75 
3.0 
0.1 
3.0 
2.03 
76 
2.0 
0.2 
0.2 
0.80 
77 
3.0 
0.2 
0.0 
1.07 
78 
3.0 
0.2 
0.5 
1.23 
79 
2.0 
0.0 
0.1 
0.70 
80 
2.0 
0.1 
0.1 
0.73 
81 
4.0 
0.3 
2.0 
2.10 
82 
3.0 
0.0 
0.3 
1.10 
83 
1.0 
0.3 
0.0 
0.43 
84 
2.0 
0.3 
0.2 
0.83 
85 
2.0 
0.3 
0.1 
0.80 
86 
2.0 
0.2 
0.1 
0.77 
87 
2.0 
0.0 
0.1 
0.70 
88 
1.0 
0.3 
0.5 
0.60 
89 
1.0 
0.1 
0.3 
0.47 
90 
2.0 
0.0 
0.1 
