0.07 
31 
0.0 
0.3 
0.0 
0.10 
32 
2.0 
0.1 
2.0 
1.37 
33 
0.0 
0.0 
0.0 
0.00 
34 
2.0 
2.0 
0.2 
1.40 
35 
2.0 
0.1 
0.2 
0.77 
36 
2.0 
0.1 
3.0 
1.70 
37 
1.0 
0.1 
0.2 
0.43 
38 
0.0 
0.1 
0.0 
0.03 
39 
2.0 
0.0 
0.0 
0.67 
40 
1.0 
0.2 
0.3 
0.50 
41 
0.0 
0.1 
0.0 
0.03 
42 
2.0 
0.0 
0.2 
0.73 
43 
1.0 
0.0 
0.2 
0.40 
44 
1.0 
0.2 
0.0 
0.40 
45 
2.0 
0.0 
0.2 
0.73 
46 
1.0 
0.2 
0.4 
0.53 
47 
3.0 
0.0 
0.8 
1.27 
48 
0.0 
0.1 
0.2 
0.10 
49 
0.0 
0.1 
0.3 
0.13 
50 
1.0 
0.0 
0.0 
