0.80 
11 
2.0 
0.5 
3.0 
1.83 
12 
1.0 
0.2 
0.0 
0.40 
13 
1.0 
0.3 
3.0 
1.43 
14 
1.0 
0.1 
1.0 
0.70 
15 
1.0 
0.0 
0.0 
0.33 
16 
0.0 
0.2 
0.1 
0.10 
17 
1.0 
0.1 
0.2 
0.43 
18 
1.0 
0.1 
0.2 
0.43 
19 
1.0 
0.1 
0.2 
0.43 
20 
2.0 
0.3 
0.2 
0.83 
21 
1.0 
0.0 
0.0 
0.33 
22 
2.0 
0.0 
0.5 
0.83 
23 
0.0 
0.2 
0.1 
0.10 
24 
1.0 
1.0 
3.0 
1.67 
25 
2.0 
0.2 
2.0 
1.40 
26 
2.0 
0.1 
0.3 
0.80 
27 
0.0 
0.0 
0.0 
0.00 
28 
0.0 
0.1 
0.2 
0.10 
29 
2.0 
0.2 
1.5 
1.23 
30 
0.0 
0.2 
0.0 
