63.9
37.6
13.3
45.0
53.1
PSRLM - M1
88.5
69.5
61.8
36.0
6.7
45.0
51.3
M2
88.8
69.7
63.9
36.3
16.7
47.5
53.8
M3
88.5
72.2
64.7
39.9
10.0
50.0
54.2
M4
88.8
73.3
65.2
38.7
13.3
55.0
55.7
72B Base Model
M0
87.5
69.7
55.3
28.9
10.0
40.0
48.6
SRLM - M1
92.9
76.4
67.3
41.8
16.7
47.5
57.1
M2
92.1
76.1
66.8
42.1
20.0
55.0
58.7
M3
92.5
75.8
67.5
42.5
20.0
52.5
58.5
M4
92.8
76.1
66.2
44.0
13.3
42.5
55.8
PSRLM - M1
92.6
75.6
67.3
41.8
13.3
45.0
55.9
M2
92.6
76.4
67.8
41.8
20.0
57.5
59.4
M3
93.7
76.4
67.3
42.7
23.3
